canon
+3 +2 +1 7 6 5 6 7
4 4 4 4 4 4 4 4
+1 7 +1 3 5 6 7 +1 7 +1 3 +5 +3 +5 +6 +4 +3 +2 +4 +3 +2 +1 7
1 1 1 1 2 1 1 1 1 1 1 1 1 1 1 1 1 1 1 1 1 1 1
6 5 4 +1 7
1 1 1 1 4
+1 7 +1 3 5 6 7 +1 7 +1 3 +5 +3 +5 +6 +4 +3 +2 +4 +3 +2 +1 7
1 1 1 1 2 1 1 1 1 1 1 1 1 1 1 1 1 1 1 1 1 1 1
6 5 4 +1 7 5 +1 7
1 1 1 1 1 1 1 1
+5 +3 +4 +5 +3 +4 +5 5 6 7 +1 +2 +3 +4 +3 +1 +2 +3 3 4
1 0.5 0.5 1 0.5 0.5 0.5 0.5 0.5 0.5 0.5 0.5 0.5 0.5 1 0.5 0.5 1 0.5 0.5 
5 6 5 3 5 +1 7 +1 6 +1 7 6 5 4 5 4 3 4 5 6 7 +1 6 +1 7 +1 7 6 7 6 7 +1 +2 +3 +4 +5
0.5 0.5 0.5 0.5 0.5 0.5 0.5 0.5 1 0.5 0.5 1 0.5 0.5 0.5 0.5 0.5 0.5 0.5 0.5 0.5 0.5 1 0.5 0.5 1 0.5 0.5 0.5 0.5 0.5 0.5 0.5 0.5 0.5 0.5
+5 +3 +4 +5 +3 +4 +5 5 6 7 +1 +2 +3 +4 +3 +1 +2 +3 3 4
1 0.5 0.5 1 0.5 0.5 0.5 0.5 0.5 0.5 0.5 0.5 0.5 0.5 1 0.5 0.5 1 0.5 0.5 
5 6 5 3 5 +1 7 +1 6 +1 7 6 5 4 5 4 3 4 5 6 7 +1 6 +1 7 +1 7 6 7 6 7 +1 +2 +3 +4 +5
0.5 0.5 0.5 0.5 0.5 0.5 0.5 0.5 1 0.5 0.5 1 0.5 0.5 0.5 0.5 0.5 0.5 0.5 0.5 0.5 0.5 1 0.5 0.5 1 0.5 0.5 0.5 0.5 0.5 0.5 0.5 0.5 0.5 0.5
+3 +2 +1 +3 +2 +1 +2 7 +1 +2 +3 +2 +1 7 +1 6 7 +1 3 4 5 6 5 4 5 +1 7 +1 6 +1 7 6 5 4
1 0.5 0.5 1 0.5 0.5 0.5 0.5 0.5 0.5 0.5 0.5 0.5 0.5 1 0.5 0.5 1 0.5 0.5 0.5 0.5 0.5 0.5 0.5 0.5 0.5 0.5 1 0.5 0.5 1 0.5 0.5
5 4 3 4 5 6 7 +1 6 +1 7 +1 7 6 7 +1 +2 +1 7 +1 6 7 
0.5 0.5 0.5 0.5 0.5 0.5 0.5 0.5 1 0.5 0.5 1 0.5 0.5 0.5 0.5 0.5 0.5 0.5 0.5 0.5 0.5
+1 5 6 3 4 +1 6 7 +1 
4 4 4 4 4 4 4 4 4