qijideshan：
3 5 6 +3 +2 7 +1 7 3 5 6 5
0.5 0.5 1 1 1 1 0.5 0.5 0.5 0.5 1 1
6 +1 7 5 3 6 +1 6 3 5 6 +3 +2 7
1.5 0.5 1 0.5 0.5 1.5 0.5 1 0.5 0.5 1 1 1 1
+1 7 3 5 6 5 6 +1 7 5 3 6 +1 6 +3 +3 6 +1 7
0.5 0.5 0.5 0.5 1 1 1.5 0.5 1 0.5 0.5 1.5 0.5 1 1 1 1 1 1
7 5 3 +1 +3 6 +1 +2 +3 7 7 +1 +3 6 +1 7
1.5 0.5 1 1 1 1 1 1 1.5 0.5 1 1 1 1 1 1
+1 +2 +1 7 3 5 6 +1 7 5 3 6 +1 6 3 5 3
0.5 0.5 0.5 1 0.5 1 1 1 1 0.5 0.5 1.5 0.5 0.5 0.5 0.5 0.5
+3 +2 +2 +3 +5 +2 +3 +2 +1 6 5
1 1 0.5 0.5 0.5 0.5 1.5 0.5 1 0.5 0.5
+3 +2 +2 +3 +5 +6 +3 +3 ++1 +7 +6 +5 +3 +2 +2 +3 +5 +2 +3 +2 +1 6 5
1 1 0.5 0.5 0.5 0.5 1.5 0.5 0.5 0.5 0.5 0.5 1 1 0.5 0.5 0.5 0.5 1.5 0.5 1 0.5 0.5
+3 +2 +3 +2 6 +2 +1 0 +1 7 5 6 +1 7 5 3 6 0 +1 7 5
1 1 0.5 0.5 0.5 0.5 2 0.5 0.5 0.5 0.5 1 1 1 0.5 0.5 2 0.5 0.5 0.5 0.5 
6 +1 7 +1 +2 +3 +3 6 6 7 +1 +2 +3 +1 6
1 1 0.5 0.5 0.5 0.5 4 1.5 0.5 2 0.5 0.5 0.5 0.5 2
+1 7 6 5 2 3 5 6 +1 6 3 5 6 +3 +2 7 +1 7 3 5 6 5
1 0.5 0.5 0.5 0.5 0.5 0.5 1.5 0.5 1 0.5 0.5 1 1 1 1 0.5 0.5 0.5 0.5 1 1
6 +1 7 5 3 6 +1 6 3 5 6 +3 +2 7 +1 7 3 5 6 5
1.5 0.5 1 0.5 0.5 1.5 0.5 1 0.5 0.5 1 1 1 1 0.5 0.5 0.5 0.5 1 1
6 +1 7 5 3 6 +1 6 +3 +3 6 +1 7 7 5 3 +1 +3 6 +1 +2
1.5 0.5 1 0.5 0.5 1.5 0.5 1 1 1 1 1 1 1.5 0.5 1 1 1 1 1 1
+3 7 7 +1 +3 6 +1 7 +1 +2 +1 7 3 5 6 +1 7 5 3
1.5 0.5 1 1 1 1 1 1 0.5 0.5 0.5 1 0.5 1 1 1 1 0.5 0.5
6 +1 6 3 5 3 +3 +2 +2 +3 +5 +2 +3 +2 +1 6 5 +3 +2 +2 +3 +5 +6
1.5 0.5 0.5 0.5 0.5 0.5 1 1 0.5 0.5 0.5 0.5 1.5 0.5 1 0.5 0.5 1 1 0.5 0.5 0.5 0.5
+3 +3 ++1 +7 +6 +5 +3 +2 +2 +3 +5 +2 +3 +2 +1 6 5 +3 +2 +3 +2 6 +2
1.5 0.5 0.5 0.5 0.5 0.5 1 1 0.5 0.5 0.5 0.5 1.5 0.5 1 0.5 0.5 1 1 0.5 0.5 0.5 0.5
+1 0 +1 7 5 6 +1 7 5 3 6 +1 6 +1 7 5 6 +1 7 +1 +2 +3
2 0.5 0.5 0.5 0.5 1 1 1 0.5 0.5 1.5 0.5 0.5 0.5 0.5 0.5 1 1 0.5 0.5 0.5 0.5
+3 6 6 7 +1 +2 +3 +1 6 +1 7 6 5 2 3 5 6 +1 6 3 5
4 1.5 0.5 2 0.5 0.5 0.5 0.5 2 1 0.5 0.5 0.5 0.5 0.5 0.5 1.5 0.5 1 0.5 0.5
+3 +2 +2 +3 +5 +2 +3 +2 +1 6 5 +3 +2 +2 +3 +5 +6 +3 +3 ++1 +7 +6 +5
1 1 0.5 0.5 0.5 0.5 1.5 0.5 1 0.5 0.5 1 1 0.5 0.5 0.5 0.5 1.5 0.5 0.5 0.5 0.5 0.5
+3 +2 +2 +3 +5 +2 +3 +2 +1 6 5 +3 +2 +3 +2 6 +2 +1 0 5 6 +1 +2 +3 +5
1 1 0.5 0.5 0.5 0.5 1.5 0.5 1 0.5 0.5 1 1 0.5 0.5 0.5 0.5 2 0.5 0.25 0.25 0.25 0.25 0.25 0.25
+3 +2 +2 +3 +5 +2 +3 +2 +1 6 5 +3 +2 +2 +3 +5 +6 +3 +3 ++1 +7 +6 +5
1 1 0.5 0.5 0.5 0.5 1.5 0.5 1 0.5 0.5 1 1 0.5 0.5 0.5 0.5 1.5 0.5 0.5 0.5 0.5 0.5
+3 +2 +2 +3 +5 +2 +3 +2 +1 6 5 +3 +2 +3 +2 6 +2 +1 0 +1 7 5
1 1 0.5 0.5 0.5 0.5 1.5 0.5 1 0.5 0.5 1 1 0.5 0.5 0.5 0.5 2 0.5 0.5 0.5 0.5
6 +1 7 5 3 6 +1 6 +1 7 5 6 +1 7 5 3 6
1 1 1 0.5 0.5 1.5 0.5 0.5 0.5 0.5 0.5 1 1 1 1 3 5




















