liuxingdeyun:
+1 +2 6 +1 7 +1 +2 +1 +1 +1 +2 6 +1 7 +1 +2 +3 +1 +2 6 +1 7 +1 +2 +1
0.5 0.5 1 1 0.5 0.5 0.5 0.5 3 0.5 0.5 1 1 0.5 0.5 0.5 0.5 3 0.5 0.5 1 1 0.5 0.5 0.5 0.5
+1 +1 +2 6 +1 7 +1 +2 +1 +1 +1 +2 +3 +2 +1 6 +1 7 +1 +2 +1 +1 +2
3 0.5 0.5 1 1 0.5 0.5 0.5 0.5 3 0.5 0.5 1 0.5 0.5 1 1 0.5 0.5 0.5 1.5 0.5 0.5
+3 +2 +1 6 +5 +5 +1 7 +1 0 +5 +2 +1 +6 +5 +4 +5 +6 +5 +4 +3 +2 +1 7 +1
1 0.5 0.5 1 1 0.5 0.5 0.5 0.5 0.5 0.5 0.5 0.5 1 0.5 1.5 0.5 0.5 0.5 0.5 0.5 0.5 1 0.5 0.5
+4 +2 +1 +2 +1 7 +1 +1 +5 +5 +5 +5 7 +1 0 +5 +2 +1 +5 +5 0 ++1 +7 +5
1 0.5 0.5 0.5 0.5 0.5 3.5 0.5 0.5 1 1 0.5 0.5 0.5 3.5 0.5 0.5 1 1 0.5 0.5 0.5 2.5
0 +5 +2 +1 +5 +5 +5 7 +1 0 ++1 +7 +5 0 +5 +2 +1 +5 7 +1 +1 +2
0.5 0.5 0.5 0.5 1 1 1 0.5 2.5 0.5 0.5 0.5 0.5 0.5 0.5 0.5 0.5 1 0.5 3.5 0.5 0.5
6 +1 7 +1 +2 +1 +1 +2 6 +1 7 +1 +2 +3 +1 +2 6 +1 7 +1 +2 +1
1 1 0.5 0.5 0.5 3.5 0.5 0.5 1 1 0.5 0.5 0.5 3.5 0.5 0.5 1 1 0.5 0.5 0.5 3.5
+1 +2 6 +1 7 +1 +2 +1 +1 +2 +3 +2 +1 6 +1 7 +1 +2 +1 +1 +2
0.5 0.5 1 1 0.5 0.5 0.5 3.5 0.5 0.5 1 0.5 0.5 1 1 0.5 0.5 0.5 1.5 0.5 0.5
+3 +2 +1 6 +5 +5 +1 7 +1 0 +5 +2 +1 +6 +5 +5 +5 +5 +6 +5 +4 +3 +2 +1 7 +1
1 0.5 0.5 1 1 0.5 0.5 0.5 0.5 0.5 0.5 0.5 0.5 1 0.5 0.5 1 0.5 0.5 0.5 0.5 0.5 0.5 1 0.5 0.5
+4 +2 +1 +2 +1 7 +1 +1 +5 +5 +5 +5 7 +1 0 +5 +2 +1 +5 +5 0 ++1 +7 +5
1 0.5 0.5 0.5 0.5 0.5 3.5 0.5 0.5 1 1 1 0.5 2.5 0.5 0.5 0.5 0.5 1 1 0.5 0.5 0.5 2.5
0 +5 +2 +1 +5 +5 +5 7 +1 0 ++1 +7 +5 0 +5 +2 +1 +5 7 +1 +1 +2
0.5 0.5 0.5 0.5 1 1 1 0.5 2.5 0.5 0.5 0.5 0.5 0.5 0.5 0.5 0.5 1 0.5 3.5 0.5 0.5
6 +1 7 +1 +2 +1 +1 +2 6 +1 7 +1 +2 +3 +1 +2 6 +1 7 +1 +2 +1
1 1 0.5 0.5 0.5 3.5 0.5 0.5 1 1 0.5 0.5 0.5 3.5 0.5 0.5 1 1 0.5 0.5 0.5 3.5
+1 +2 6 +1 7 +1 +2 +1 +1 +2 +3 +2 +1 6 +1 7 +1 +2 +1 +1 +2
0.5 0.5 1 1 0.5 0.5 0.5 3.5 0.5 0.5 1 0.5 0.5 1 1 0.5 0.5 0.5 1.5 0.5 0.5
+3 +2 +1 6 +5 +5 +1 7 +1 0 +5 +2 +1 +6 +5 +5 +5 +5 +6 +5 +4 +3 +2 +1 7 +1
1 0.5 0.5 1 1 0.5 0.5 0.5 0.5 0.5 0.5 0.5 0.5 1 0.5 0.5 1 0.5 0.5 0.5 0.5 0.5 0.5 1 0.5 0.5
+4 +2 +1 +2 +1 7 +1 +1 +5 +5 +5 +5 7 +1 0 +5 +2 +1 +5 +5 0 ++1 +7 +5
1 0.5 0.5 0.5 0.5 0.5 3.5 0.5 0.5 1 1 1 0.5 2.5 0.5 0.5 0.5 0.5 1 1 0.5 0.5 0.5 2.5
0 +5 +2 +1 +5 +5 +5 7 +1 0 ++1 +7 +5 0 +5 +2 +1 +5 7 +1 +1 +5
0.5 0.5 0.5 0.5 1 1 1 0.5 2.5 0.5 0.5 0.5 0.5 0.5 0.5 0.5 0.5 1 0.5 3.5 0.5 0.5
+5 +5 +5 7 +1 0 +5 +2 +1 +5 +5 0 ++1 +7 +5 0 +5 +2 +1 +5 +5 +5 7 +1
1 1 1 0.5 2.5 0.5 0.5 0.5 0.5 1 1 0.5 0.5 0.5 2.5 0.5 0.5 0.5 0.5 1 1 1 0.5 2.5
0 ++1 +7 +5 0 +5 +2 +1 +5 7 +1
0.5 0.5 0.5 0.5 0.5 0.5 0.5 0.5 1 0.5 8.5
